0: [(1,2)(1,3)(1,4)]
1: [(1,1)(1,3)(1,2)]
2: [(2,2)(2,3)(2,4)]
3: [(2,1)(2,3)(2,2)]
4: [(3,2)(3,3)(3,4)]
5: [(3,1)(3,3)(3,2)]
6: [(1,1)(1,3)(1,4)]
7: [(1,1)(1,4)(1,2)]
8: [(2,1)(2,3)(2,4)]
9: [(2,1)(2,4)(2,2)]
10: [(3,1)(3,3)(3,4)]
11: [(3,1)(3,4)(3,2)]
12: [(2,1)(1,3)(1,4)]
13: [(2,1)(1,4)(2,2)]
14: [(3,1)(2,3)(2,4)]
15: [(3,1)(2,4)(3,2)]
16: [(2,2)(1,3)(1,4)]
17: [(2,1)(1,3)(2,2)]
18: [(3,2)(2,3)(2,4)]
19: [(3,2)(3,1)(2,3)]
20: [(1,1)(2,4)(1,2)]
21: [(1,1)(2,3)(2,4)]
22: [(2,1)(3,4)(2,2)]
23: [(2,1)(3,3)(3,4)]
24: [(1,1)(2,3)(1,2)]
25: [(1,2)(2,3)(2,4)]
26: [(2,1)(3,3)(2,2)]
27: [(2,2)(3,3)(3,4)]
28: [(1,1)(1,3)(2,4)]
29: [(1,1)(2,4)(2,2)]
30: [(2,1)(2,3)(3,4)]
31: [(2,1)(3,4)(3,2)]
32: [(1,1)(1,3)(2,2)]
33: [(1,3)(2,4)(2,2)]
34: [(2,1)(2,3)(3,2)]
35: [(3,2)(2,3)(3,4)]
36: [(1,2)(2,3)(1,4)]
37: [(2,1)(2,3)(1,2)]
38: [(2,2)(3,3)(2,4)]
39: [(3,1)(3,3)(2,2)]
40: [(1,2)(2,1)(1,4)]
41: [(1,4)(2,1)(2,3)]
42: [(3,1)(2,4)(2,2)]
43: [(3,1)(3,3)(2,4)]
44: [(2,2)(2,3)(1,4)]
45: [(1,1)(2,3)(2,2)]
46: [(3,2)(3,3)(2,4)]
47: [(3,2)(2,1)(3,3)]
48: [(2,1)(1,3)(2,4)]
49: [(2,1)(2,4)(1,2)]
50: [(1,1)(2,3)(1,4)]
51: [(3,1)(3,4)(2,2)]
52: [(2,1)(1,3)(1,2)]
53: [(1,2)(1,3)(2,4)]
54: [(3,1)(2,3)(2,2)]
55: [(2,2)(2,3)(3,4)]
56: [(1,1)(2,3)(1,4)]
57: [(1,1)(1,4)(2,2)]
58: [(2,1)(3,3)(2,4)]
59: [(2,1)(2,4)(3,2)]
60: [(2,1)(2,2)(1,3)(1,4)]
61: [(3,1)(3,2)(2,3)(2,4)]
62: [(1,1)(1,2)(2,3)(2,4)]
63: [(2,1)(2,2)(3,3)(3,4)]
64: [(1,1)(2,2)(1,3)(2,4)]
65: [(2,1)(3,2)(2,3)(3,4)]
66: [(2,1)(1,2)(2,3)(1,4)]
67: [(3,1)(2,2)(3,3)(2,4)]
68: [(1,1)(1,2)(1,3)(1,4)]
69: [(2,1)(2,2)(2,3)(2,4)]
70: [(3,1)(3,2)(3,3)(3,4)]
71: [(1,1)(1,3)(2,1)]
72: [(2,1)(1,3)(2,3)]
73: [(2,1)(2,3)(3,1)]
74: [(3,3)(2,3)(3,1)]
75: [(1,1)(1,3)(2,3)]
76: [(2,3)(1,1)(2,1)]
77: [(2,3)(2,1)(3,3)]
78: [(2,1)(3,3)(3,1)]
79: [(1,1)(1,2)(2,2)]
80: [(1,1)(2,2)(2,1)]
81: [(2,1)(2,2)(3,2)]
82: [(2,1)(3,2)(3,1)]
83: [(1,1)(1,2)(2,1)]
84: [(2,2)(2,1)(1,2)]
85: [(2,1)(2,2)(3,1)]
86: [(3,1)(2,2)(3,2)]
87: [(2,2)(1,3)(1,2)]
88: []
89: [(3,2)(2,3)(2,2)]
90: [(3,3)(2,3)(3,2)]
91: [(2,3)(1,3)(1,2)]
92: [(2,2)(2,3)(1,2)]
93: [(3,3)(2,3)(2,2)]
94: []
95: []
96: [(2,1)(1,1)(2,4)]
97: [(3,4)(2,1)(2,4)]
98: [(3,1)(2,1)(3,4)]
99: [(2,1)(1,1)(1,4)]
100: [(2,4)(2,1)(1,4)]
101: []
102: [(3,4)(3,1)(2,4)]
103: [(1,3)(2,3)(1,2)(2,2)]
104: [(2,3)(3,3)(2,2)(3,2)]
105: [(1,1)(2,1)(1,4)(2,4)]
106: [(2,4)(3,4)(2,1)(3,1)]
107: [(1,1)(2,1)(1,3)(2,3)]
108: [(1,1)(2,1)(1,2)(2,2)]
109: [(2,1)(3,1)(2,3)(3,3)]
110: [(2,1)(3,1)(2,2)(3,2)]
